Source file: catalogue-expo-space-symposium-2024-10-BD.pdf
Relative path: catalogue-expo-space-symposium-2024-10-BD.pdf
Page: 4 / 33

================================================================================

817
531
834
835
741
836
838
100
106
111
118
125
133
141
211
225
231
236
240
243
737
306
310
317
329
333
339
340
403
415
421
429
433
438
441
507
512
516
519
527
528
532
537
541
603
615
624
625
631
634
637
641
710
713
714
717
727
731
734
739
806
811
812
818
823
828
103
104
842
108
110
114
116
122
124
129
131
135
137
203
205
213
217
228
229
234
235
237
238
303
307
308
311
312
325
328
330
332
334
337
341
342
406
408
410
411
413
417
419
425
428
430
432
436
437
439
440
503
505
508
511
513
515
517
518
520
525
529
530
535
536
538
539
542
602
606
608
611
612
616
621
626
628
629
632
633
635
636
639
640
703
707
711
712
715
716
721
725
728
730
732
733
735
736
801
803
808
810
814
816
820
821
824
827
830
832
403
SOUTH HALL PLAN
Join the French Team